533
545
549
546
537
543
540
537
523
525
523
522
521
524
525
530
561
592
619
618
619
622
632
645
664
676
669
656
645
649
678
708
732
737
741
752
762
768
776
773
769
762
762
771
791
805
844
871
909
919
926
923
919
911
898
882
878
881
889
894
902
908
912
911
908
885
863
843
840
862
866
865
851
868
896
916
928
941
957
963
968
970
946
919
902
922
940
958
970
996
1008
1018
1006
997
987
988
986
985
991
995
998
993
997
1005
1016
1038
1060
1087
1100
1118
1129
1143
1147
1148
1146
1181
1221
1260
1267
1271
1275
1305
1335
1366
1379
1423
1473
1519
1527
1533
1532
1534
1521
1510
1509
1516
1524
1528
1550
1571
1588
1589
1588
1577
1573
1567
1567
1562
1523
1484
1441
1446
1443
1442
1431
1450
1449
1445
1431
1440
1465
1495
1522
1539
1536
1521
1505
1499
1495
1487
1460
1440
1422
1415
1411
1408
1413
1420
1453
1479
1473
1441
1415
1411
1406
1407
1422
1438
1445
1428
1414
1419
1442
1454
1452
1453
1461
1463
1459
1455
1459
1467
1481
1530
1613
1690
1729
1739
1765
1795
1821
1831
1833
1822
1816
1816
1822
1833
1849
1879
1901
1915
1918
1888
1858
1834
1839
1841
1842
1848
1857
1863
1868
1868
1854
1833
1833
1844
1861
1863
1871
1862
1852
1839
1840
1812
1785
1763
1777
1788
1794
1793
1791
1788
1801
1809
1818
1816
1824
1858
1887
1919
1925
1928
1926
1924
1925
1914
1891
1868
1848
1845
1840
1842
1841
1835
1831
1837
1835
1833
1838
1863
1886
1901
1911
1923
1938
1955
1979
1993
2005
2010
2013
2016
2019
2017
2032
2042
2059
2049
2046
2046
2062
2076
2081
2078
2070
2049
2034
2031
2042
2056
2070
2082
2087
2072
2060
2056
2061
2057
2042
2029
2035
2048
2063
2046
2030
2020
2032
2040
2052
2067
2071
2071
2082
2097
2104
2101
2099
2103
2131
2164
2207
2222
2232
2195
2160
2131
2139
2144
2146
2134
2130
2129
2136
2152
2163
2174
2166
2153
2137
2127
2156
2191
2227
2243
2260
2273
2281
2282
2285
2308
2336
2364
2342
2320
2299
2304
2305
2305
2324
2335
2350
2348
2363
2368
2409
2443
2474
2453
2432
2433
2451
2452
2453
2448
2475
2490
2516
2529
2537
2539
2536
2549
2556
2569
2570
2578
2579
2580
2583
2590
2591
2586
2593
2601
2603
2597
2597
2598
2597
2595
2598
2613
2649
2683
2706
2706
2713
2705
2715
2739
2783
2807
2813
2813
2819
2826
2836
2844
2850
2836
2803
2759
2730
2728
2737
2748
2749
2748
2747
2750
2760
2775
2791
2800
2813
2823
2839
2867
2895
2912
2899
2887
2851
2822
2792
2788
2819
2876
2926
2951
2955
2972
2979
2967
2952
2939
2941
2948
2955
2935
2923
2923
2952
2970
2985
2986
2963
2940
2937
2953
2965
2973
2990
3005
3005
3002
2985
2976
2984
3029
3078
3106
3108
3096
3088
3094
3128
3164
3180
3183
3206
3230
3261
3267
3286
3295
3308
3314
3329
3345
3363
3385
3426
3483
3542
3580
3616
3629
3629
3612
3603
3601
3597
3594
3584
3573
3567
3574
3585
3588
3592
3593
3598
3611
3637
3633
3619
3600
3609
3632
3654
3674
3678
3709
3770
3831
3858
3857
3858
3861
3862
3863
3865
3861
3854
3838
3828
3823
3843
3860
3876
3871
3883
3898
3922
3922
3911
3895
3893
3899
3905
3912
3920
3928
3939
3939
3944
3937
3936
3930
3932
3942
3956
3974
3996
4035
4055
4081
4098
4128
4141
4140
4142
4130
4124
4110
4110
4065
4018
3973
3967
3963
3957
3953
3973
4008
4047
4081
4105
4122
4129
4126
4127
4124
4130
4133
4136
4135
4144
4151
4160
4161
4195
4251
4312
4338
4339
4335
4311
4291
4271
4276
4310
4344
4413
4465
4514
4527
4528
4524
4510
4484
4467
4489
4530
4570
4582
4594
4597
4599
4600
4624
4651
4671
4683
4670
4660
4652
4666
4678
4674
4679
4688
4708
4717
4718
4716
4716
4713
4705
4697
4695
4698
4716
4736
4750
4764
4773
4788
4780
4760
4738
4731
4745
4757
4743
4715
4691
4684
4682
4697
4714
4729
4722
4710
4707
4712
4726
4739
4747
4760
4789
4841
4885
4910
4909
4910
4909
4921
4931
4935
4931
4927
4933
4939
4945
4949
4953
4954
4956
4963
4977
4996
5016
5034
5049
5056
5058
5079
5110
5143
5150
5153
5153
5158
5159
5182
5186
5187
5174
5189
5214
5252
5280
5288
5283
5312
5355
5386
5381
5381
5394
5406
5414
5416
5425
5434
5443
5468
5492
5514
5519
5532
5549
5550
5567
5587
5624
5641
5647
5666
5682
5706
5720
5729
5736
5738
5737
5759
5779
5811
5821
5845
5882
5889
5882
5869
5896
5938
5969
5979
5977
5973
5983
5988
5995
5998
6004
6016
6029
6031
6045
6076
6115
6134
6141
6142
6143
6139
6137
6163
6195
6230
6247
6257
6270
6276
6273
6273
6270
6295
6323
6353
6364
6369
6380
6404
6428
6441
6449
6454
6463
6460
6464
6437
6399
6357
6345
6349
6351
6356
6353
6353
6348
6353
6359
6371
6386
6395
6404
6418
6443
6458
6455
6438
6422
6419
6425
6445
6460
6467
6462
6458
6489
6526
6547
6537
6521
6504
6500
6484
6464
6430
6412
6415
6419
6402
6378
6349
6334
6327
6332
6345
6355
6363
6370
6382
6391
6399
6415
6464
6506
6535
6531
6532
6537
6534
6530
6525
6529
6544
6558
6571
6574
6575
6580
6584
6591
6584
6581
6600
6629
6659
6653
6643
6629
6630
6635
6642
6641
6644
6645
6667
6702
6739
6761
6779
6797
6834
6863
6909
6925
6939
6934
6941
6948
6988
7000
7017
7028
7069
7097
7098
7094
7093
7095
7113
7134
7151
7150
7151
7181
7214
7248
7259
7284
7305
7324
7340
7363
7389
7420
7444
7470
7481
7493
7496
7495
7494
7497
7518
7552
7583
7603
7605
7612
7599
7590
7576
7568
7557
7551
7542
7537
7518
7518
7527
7531
7536
7532
7541
7542
7547
7557
7565
7569
7568
7575
7579
7586
7573
7560
7548
7558
7571
7587
7581
7572
7560
7557
7571
7590
7616
7628
7625
7614
7602
7600
7598
7596
7606
7645
7684
7710
7687
7680
7673
7692
7696
7681
7658
7636
7641
7679
7726
7760
7773
7776
7784
7792
7797
7802
7809
7807
7798
7774
7759
7766
7782
7802
7816
7828
7838
7847
7847
7850
7838
7837
7842
7854
7868
7881
7898
7917
7915
7911
7900
7910
7902
7886
7860
7850
7854
7858
7889
7922
7932
7917
7900
7910
7911
7910
7915
7920
7942
7957
7971
7947
7923
7908
7907
7920
7932
7950
7946
7930
7914
7930
7960
7996
8005
8003
7968
7939
7924
7927
7899
7847
7818
7813
7797
7761
7726
7721
7720
7723
7727
7729
7730
7731
7734
7736
7737
7741
7742
7738
7723
7718
7718
7721
7741
7766
7798
7790
7785
7775
7782
7785
7793
7798
7801
7804
7831
7876
7928
7960
7972
7978
7983
7996
8008
8017
8023
8046
8064
8080
8080
8094
8105
8119
8124
8132
8136
8154
8169
8185
8199
8213
8226
8222
8214
8233
8259
8287
8285
8300
8318
8341
8343
8321
8297
8300
8334
8365
8374
8371
8371
8351
8319
8285
8272
8273
8281
8287
8292
8299
8306
8316
8319
8341
8366
8389
8390
8385
8382
8392
8408
8425
8433
8438
8448
8457
8484
8489
8495
8483
8503
8508
8517
8516
8534
8546
8563
8582
8581
8583
8578
8602
8616
8631
8646
8657
8690
8723
8761
8776
8771
8753
8733
8713
8701
8715
8747
8770
8772
8778
8793
8810
8820
8830
8838
8867
8890
8920
8921
8930
8939
8954
8968
8972
8979
8990
8996
9005
8990
8988
8992
9024
9048
9051
9045
9044
9056
9079
9095
9108
9112
9124
9147
9171
9180
9165
9142
9136
9148
9167
9191
9207
9222
9226
9216
9224
9249
9290
9320
9336
9350
9363
9375
9378
9374
9367
9361
9370
9366
9367
9365
9371
9395
9414
9438
9457
9470
9482
9481
9471
9470
9475
9488
9493
9510
9529
9547
9549
9554
9556
9565
9574
9588
9596
9597
9590
9572
9544
9527
9513
9511
9500
9489
9492
9502
9519
9542
9570
9629
9673
9715
9729
9736
9742
9737
9715
9693
9680
9694
9716
9746
9769
9774
9767
9747
9732
9742
9772
9813
9829
9838
9822
9812
9802
9819
9837
9855
9854
9858
9858
9885
9897
9912
9904
9906
9909
9924
9938
9948
9951
9951
9963
9970
9977
9972
9965
9959
9956
9960
9985
10003
10043
10069
10103
10109
10101
10093
10097
10110
10125
10135
10138
10136
10128
10125
10136
10151
10169
10183
10184
10187
10202
10228
10249
10255
10261
10270
10254
10241
10227
10234
10236
10243
10245
10250
10248
10246
10243
10264
10298
10332
10344
10347
10351
10356
10356
10352
10348
10353
10363
10369
10372
10374
10375
10367
10358
10353
10356
10361
10354
10347
10326
10335
10370
10431
10475
10497
10503
10508
10509
10512
10532
10540
10560
10559
10573
10609
10649
10684
10683
10689
10695
10723
10740
10753
10756
10758
10764
10756
10749
10742
10741
10724
10733
10742
10803
10843
10878
10879
10883
10905
10932
10953
10972
10976
10977
10963
10961
10960
10962
10965
10974
10983
10994
11001
11016
11020
11024
11022
11036
11048
11059
11060
11082
11107
11128
11113
11091
11082
11101
11138
11168
11194
11212
11235
11253
11264
11274
11282
11287
11285
11284
11285
11304
11342
11369
11370
11353
11362
11399
11437
11455
11454
11453
11471
11500
11540
11573
11576
11575
11558
11563
11558
11563
11568
11573
11559
11542
11526
11552
11574
11591
11584
11585
11587
11586
11584
11603
11639
11699
11733
11753
11745
11745
11747
11752
11753
11761
11769
11795
11812
11833
11837
11843
11842
11852
11855
11871
11874
11882
11893
11926
11957
11973
11969
11978
11994
12010
12020
12023
12027
12022
12005
11985
11970
11975
11982
11988
11952
11921
11879
11881
11883
11901
11911
11919
11917
11919
11919
11924
11923
11928
11933
11943
11950
11959
11965
11968
11971
11972
11977
11978
11979
11983
11993
12005
12004
11999
11990
11981
11975
11974
11981
11958
11929
11894
11882
11877
11891
11907
11921
11924
11910
11910
11898
11882
11850
11825
11823
11835
11854
11868
11866
11860
11857
11856
11861
11880
11898
11906
11902
11915
11927
11941
11944
11955
11965
11972
11973
11974
11973
11976
11979
11990
12017
12043
12064
12064
12071
12074
12083
12076
12074
12071
12077
12087
12098
12091
12064
12035
12029
12035
12060
12076
12097
12097
12123
12164
12208
12230
12232
12221
12210
12210
12189
12165
12137
12168
12213
12235
12231
12229
12250
12271
12280
12269
12260
12248
12259
12248
12240
12242
12272
12307
12333
12351
12363
12379
12397
12415
12431
12447
12466
12509
12563
12639
12675
12698
12697
12694
12685
12676
12667
12672
12672
12679
12678
12682
12669
12647
12629
12628
12618
12605
12598
12589
12561
12542
12544
12563
12538
12513
12508
12532
12583
12617
12654
12655
12647
12628
12619
12619
12627
12660
12697
12725
12727
12727
12710
12687
12663
12650
12629
12604
12595
12597
12613
12625
12644
12647
12655
12656
12664
12670
12689
12704
12734
12753
12772
12777
12785
12809
12828
12847
12845
12847
12848
12835
12819
12828
12855
12907
12935
12966
12978
12987
12989
12998
13007
13021
13032
13051
13078
13105
13134
13163
13188
13200
13209
13210
13226
13236
13244
13226
13190
13147
13145
13161
13192
13198
13209
13199
13187
13167
13179
13195
13215
13223
13228
13237
13246
13257
13274
13326
13377
13419
13430
13450
13473
13492
13498
13501
13507
13528
13548
13561
13556
13561
13572
13591
13597
13601
13607
13615
13634
13648
13660
13661
13651
13637
13623
13625
13629
13620
13616
13616
13626
13626
13622
13619
13613
13606
13591
13576
13577
13598
13622
13635
13634
13633
13635
13644
13656
13672
13685
13695
13699
13699
13700
13709
13731
13752
13766
13773
13783
13791
13798
13797
13807
13814
13796
13781
13769
13785
13785
13781
13772
13766
13760
13756
13751
13749
13763
13785
13794
13807
13818
13839
13843
13841
13843
13847
13851
13852
13853
13851
13826
13801
13777
13778
13784
13790
13794
13795
13799
13801
13801
13808
13814
13821
13821
13826
13825
13825
13823
13829
13836
13843
13847
13849
